782086447	Loaded_Language	2346	2356
782086447	Loaded_Language	2676	2693
782086447	Repetition	2897	2904
782086447	Loaded_Language	5039	5063
782086447	Loaded_Language	8923	8930
782086447	Loaded_Language	13636	13650
782086447	Loaded_Language	24320	24330
782086447	Loaded_Language	30487	30500
782086447	Loaded_Language	30891	30913
782086447	Loaded_Language	35346	35355
782086447	Loaded_Language	37049	37059
782086447	Loaded_Language	37308	37323
782086447	Exaggeration,Minimisation	38123	38138
782086447	Loaded_Language	38139	38155
782086447	Slogans	39477	39493
782086447	Loaded_Language	40148	40164
782086447	Loaded_Language	40423	40429
782086447	Repetition	42861	42872
782086447	Repetition	42927	42938
