725498022	Loaded_Language	201	211
725498022	Loaded_Language	291	302
725498022	Loaded_Language	535	581
725498022	Loaded_Language	1869	1879
725498022	Loaded_Language	3705	3729
725498022	Name_Calling,Labeling	5661	5696
725498022	Loaded_Language	6618	6634
725498022	Loaded_Language	7261	7279
725498022	Name_Calling,Labeling	8684	8702
725498022	Name_Calling,Labeling	11946	11987
725498022	Loaded_Language	14333	14340
725498022	Loaded_Language	14373	14389
725498022	Loaded_Language	17386	17401
725498022	Name_Calling,Labeling	17832	17837
725498022	Doubt	20682	20795
725498022	Loaded_Language	21137	21152
